)O+_06 Small-body initial data  (WARNING: Do not delete this line!!)
) Lines beginning with `)' are ignored.
)---------------------------------------------------------------------
 style (Cartesian, Asteroidal, Cometary) = Asteroidal
)--------------------------------------------d or D is not matter--0d0 is possible too--
) APOLLO   ep=2455225.5d0
) 1.470254335318451d0 0.5599303688003985d0  6.352971824171815d0 285.850770935019d0  35.73775143515774d0  161.3598005722214d0 0.d0 0.d0 0.d0
) APOPHIS  ep=2454441.5d0
) 0.9222788903126814d0 0.1910795219761208d0 3.331290217797427d0 126.3936405969297d0 204.4571896287176d0 215.5399783483177d0 0d0 0d0 0d0
 POterma  ep=2426600.5d0
 7.04334100000000000d0 0.1774990000000000d0 3.002830000000000d0 248.1834500000000d0 32.83498000000000d0 251.5485200000000d0 0d0 0d0 0d0
 S-20  ep=2426600.5d0
 7.04334100000000000d0 0.1774990000000000d0 3.002830000000000d0 248.1834500000000d0 32.83498000000000d0 249.5485200000000d0 0d0 0d0 0d0
 S-15  ep=2426600.5d0
 7.04334100000000000d0 0.1774990000000000d0 3.002830000000000d0 248.1834500000000d0 32.83498000000000d0 250.0485200000000d0 0d0 0d0 0d0
 S-10  ep=2426600.5d0
 7.04334100000000000d0 0.1774990000000000d0 3.002830000000000d0 248.1834500000000d0 32.83498000000000d0 250.5485200000000d0 0d0 0d0 0d0
 S-05  ep=2426600.5d0
 7.04334100000000000d0 0.1774990000000000d0 3.002830000000000d0 248.1834500000000d0 32.83498000000000d0 251.0485200000000d0 0d0 0d0 0d0
 S-04  ep=2426600.5d0
 7.04334100000000000d0 0.1774990000000000d0 3.002830000000000d0 248.1834500000000d0 32.83498000000000d0 251.1485200000000d0 0d0 0d0 0d0
 S-03  ep=2426600.5d0
 7.04334100000000000d0 0.1774990000000000d0 3.002830000000000d0 248.1834500000000d0 32.83498000000000d0 251.2485200000000d0 0d0 0d0 0d0
 S-02  ep=2426600.5d0
 7.04334100000000000d0 0.1774990000000000d0 3.002830000000000d0 248.1834500000000d0 32.83498000000000d0 251.3485200000000d0 0d0 0d0 0d0
 S-01  ep=2426600.5d0
 7.04334100000000000d0 0.1774990000000000d0 3.002830000000000d0 248.1834500000000d0 32.83498000000000d0 251.4485200000000d0 0d0 0d0 0d0
 S00  ep=2426600.5d0
 7.04334100000000000d0 0.1774990000000000d0 3.002830000000000d0 248.1834500000000d0 32.83498000000000d0 251.5485200000000d0 0d0 0d0 0d0
 S01  ep=2426600.5d0
 7.04334100000000000d0 0.1774990000000000d0 3.002830000000000d0 248.1834500000000d0 32.83498000000000d0 251.6485200000000d0 0d0 0d0 0d0
 S02  ep=2426600.5d0
 7.04334100000000000d0 0.1774990000000000d0 3.002830000000000d0 248.1834500000000d0 32.83498000000000d0 251.7485200000000d0 0d0 0d0 0d0
 S03  ep=2426600.5d0
 7.04334100000000000d0 0.1774990000000000d0 3.002830000000000d0 248.1834500000000d0 32.83498000000000d0 251.8485200000000d0 0d0 0d0 0d0
 S04  ep=2426600.5d0
 7.04334100000000000d0 0.1774990000000000d0 3.002830000000000d0 248.1834500000000d0 32.83498000000000d0 251.9485200000000d0 0d0 0d0 0d0
 S05  ep=2426600.5d0
 7.04334100000000000d0 0.1774990000000000d0 3.002830000000000d0 248.1834500000000d0 32.83498000000000d0 252.0485200000000d0 0d0 0d0 0d0
 S06  ep=2426600.5d0
 7.04334100000000000d0 0.1774990000000000d0 3.002830000000000d0 248.1834500000000d0 32.83498000000000d0 252.1485200000000d0 0d0 0d0 0d0
 S07  ep=2426600.5d0
 7.04334100000000000d0 0.1774990000000000d0 3.002830000000000d0 248.1834500000000d0 32.83498000000000d0 252.2485200000000d0 0d0 0d0 0d0
 S08  ep=2426600.5d0
 7.04334100000000000d0 0.1774990000000000d0 3.002830000000000d0 248.1834500000000d0 32.83498000000000d0 252.3485200000000d0 0d0 0d0 0d0
 S09  ep=2426600.5d0
 7.04334100000000000d0 0.1774990000000000d0 3.002830000000000d0 248.1834500000000d0 32.83498000000000d0 252.4485200000000d0 0d0 0d0 0d0
 S10  ep=2426600.5d0
 7.04334100000000000d0 0.1774990000000000d0 3.002830000000000d0 248.1834500000000d0 32.83498000000000d0 252.5485200000000d0 0d0 0d0 0d0
 S11  ep=2426600.5d0
 7.04334100000000000d0 0.1774990000000000d0 3.002830000000000d0 248.1834500000000d0 32.83498000000000d0 252.6485200000000d0 0d0 0d0 0d0
 S12  ep=2426600.5d0
 7.04334100000000000d0 0.1774990000000000d0 3.002830000000000d0 248.1834500000000d0 32.83498000000000d0 252.7485200000000d0 0d0 0d0 0d0
 S13  ep=2426600.5d0
 7.04334100000000000d0 0.1774990000000000d0 3.002830000000000d0 248.1834500000000d0 32.83498000000000d0 252.8485200000000d0 0d0 0d0 0d0
 S14  ep=2426600.5d0
 7.04334100000000000d0 0.1774990000000000d0 3.002830000000000d0 248.1834500000000d0 32.83498000000000d0 252.9485200000000d0 0d0 0d0 0d0
 S15  ep=2426600.5d0
 7.04334100000000000d0 0.1774990000000000d0 3.002830000000000d0 248.1834500000000d0 32.83498000000000d0 253.0485200000000d0 0d0 0d0 0d0
 S16  ep=2426600.5d0
 7.04334100000000000d0 0.1774990000000000d0 3.002830000000000d0 248.1834500000000d0 32.83498000000000d0 253.1485200000000d0 0d0 0d0 0d0
 S17  ep=2426600.5d0
 7.04334100000000000d0 0.1774990000000000d0 3.002830000000000d0 248.1834500000000d0 32.83498000000000d0 253.2485200000000d0 0d0 0d0 0d0
 S18  ep=2426600.5d0
 7.04334100000000000d0 0.1774990000000000d0 3.002830000000000d0 248.1834500000000d0 32.83498000000000d0 253.3485200000000d0 0d0 0d0 0d0
 S19  ep=2426600.5d0
 7.04334100000000000d0 0.1774990000000000d0 3.002830000000000d0 248.1834500000000d0 32.83498000000000d0 253.4485200000000d0 0d0 0d0 0d0
 S20  ep=2426600.5d0
 7.04334100000000000d0 0.1774990000000000d0 3.002830000000000d0 248.1834500000000d0 32.83498000000000d0 253.5485200000000d0 0d0 0d0 0d0
 S21  ep=2426600.5d0
 7.04334100000000000d0 0.1774990000000000d0 3.002830000000000d0 248.1834500000000d0 32.83498000000000d0 253.6485200000000d0 0d0 0d0 0d0
 S22  ep=2426600.5d0
 7.04334100000000000d0 0.1774990000000000d0 3.002830000000000d0 248.1834500000000d0 32.83498000000000d0 253.7485200000000d0 0d0 0d0 0d0
 S23  ep=2426600.5d0
 7.04334100000000000d0 0.1774990000000000d0 3.002830000000000d0 248.1834500000000d0 32.83498000000000d0 253.8485200000000d0 0d0 0d0 0d0
 S24  ep=2426600.5d0
 7.04334100000000000d0 0.1774990000000000d0 3.002830000000000d0 248.1834500000000d0 32.83498000000000d0 253.9485200000000d0 0d0 0d0 0d0
 S25  ep=2426600.5d0
 7.04334100000000000d0 0.1774990000000000d0 3.002830000000000d0 248.1834500000000d0 32.83498000000000d0 254.0485200000000d0 0d0 0d0 0d0
 S26  ep=2426600.5d0
 7.04334100000000000d0 0.1774990000000000d0 3.002830000000000d0 248.1834500000000d0 32.83498000000000d0 254.1485200000000d0 0d0 0d0 0d0
 S27  ep=2426600.5d0
 7.04334100000000000d0 0.1774990000000000d0 3.002830000000000d0 248.1834500000000d0 32.83498000000000d0 254.2485200000000d0 0d0 0d0 0d0
 S28  ep=2426600.5d0
 7.04334100000000000d0 0.1774990000000000d0 3.002830000000000d0 248.1834500000000d0 32.83498000000000d0 254.3485200000000d0 0d0 0d0 0d0
 S29  ep=2426600.5d0
 7.04334100000000000d0 0.1774990000000000d0 3.002830000000000d0 248.1834500000000d0 32.83498000000000d0 254.4485200000000d0 0d0 0d0 0d0
 S30  ep=2426600.5d0
 7.04334100000000000d0 0.1774990000000000d0 3.002830000000000d0 248.1834500000000d0 32.83498000000000d0 254.5485200000000d0 0d0 0d0 0d0
 S31  ep=2426600.5d0
 7.04334100000000000d0 0.1774990000000000d0 3.002830000000000d0 248.1834500000000d0 32.83498000000000d0 254.6485200000000d0 0d0 0d0 0d0
 S32  ep=2426600.5d0
 7.04334100000000000d0 0.1774990000000000d0 3.002830000000000d0 248.1834500000000d0 32.83498000000000d0 254.7485200000000d0 0d0 0d0 0d0
 S33  ep=2426600.5d0
 7.04334100000000000d0 0.1774990000000000d0 3.002830000000000d0 248.1834500000000d0 32.83498000000000d0 254.8485200000000d0 0d0 0d0 0d0
 S34  ep=2426600.5d0
 7.04334100000000000d0 0.1774990000000000d0 3.002830000000000d0 248.1834500000000d0 32.83498000000000d0 254.9485200000000d0 0d0 0d0 0d0
 S35  ep=2426600.5d0
 7.04334100000000000d0 0.1774990000000000d0 3.002830000000000d0 248.1834500000000d0 32.83498000000000d0 255.0485200000000d0 0d0 0d0 0d0
 S36  ep=2426600.5d0
 7.04334100000000000d0 0.1774990000000000d0 3.002830000000000d0 248.1834500000000d0 32.83498000000000d0 255.1485200000000d0 0d0 0d0 0d0
 S37  ep=2426600.5d0
 7.04334100000000000d0 0.1774990000000000d0 3.002830000000000d0 248.1834500000000d0 32.83498000000000d0 255.2485200000000d0 0d0 0d0 0d0
 S38  ep=2426600.5d0
 7.04334100000000000d0 0.1774990000000000d0 3.002830000000000d0 248.1834500000000d0 32.83498000000000d0 255.3485200000000d0 0d0 0d0 0d0
 S39  ep=2426600.5d0
 7.04334100000000000d0 0.1774990000000000d0 3.002830000000000d0 248.1834500000000d0 32.83498000000000d0 255.4485200000000d0 0d0 0d0 0d0
 S40  ep=2426600.5d0
 7.04334100000000000d0 0.1774990000000000d0 3.002830000000000d0 248.1834500000000d0 32.83498000000000d0 255.5485200000000d0 0d0 0d0 0d0
 S41  ep=2426600.5d0
 7.04334100000000000d0 0.1774990000000000d0 3.002830000000000d0 248.1834500000000d0 32.83498000000000d0 255.6485200000000d0 0d0 0d0 0d0
 S42  ep=2426600.5d0
 7.04334100000000000d0 0.1774990000000000d0 3.002830000000000d0 248.1834500000000d0 32.83498000000000d0 255.7485200000000d0 0d0 0d0 0d0
 S43  ep=2426600.5d0
 7.04334100000000000d0 0.1774990000000000d0 3.002830000000000d0 248.1834500000000d0 32.83498000000000d0 255.8485200000000d0 0d0 0d0 0d0
 S44  ep=2426600.5d0
 7.04334100000000000d0 0.1774990000000000d0 3.002830000000000d0 248.1834500000000d0 32.83498000000000d0 255.9485200000000d0 0d0 0d0 0d0
 S45  ep=2426600.5d0
 7.04334100000000000d0 0.1774990000000000d0 3.002830000000000d0 248.1834500000000d0 32.83498000000000d0 256.0485200000000d0 0d0 0d0 0d0
 S46  ep=2426600.5d0
 7.04334100000000000d0 0.1774990000000000d0 3.002830000000000d0 248.1834500000000d0 32.83498000000000d0 256.1485200000000d0 0d0 0d0 0d0
 S47  ep=2426600.5d0
 7.04334100000000000d0 0.1774990000000000d0 3.002830000000000d0 248.1834500000000d0 32.83498000000000d0 256.2485200000000d0 0d0 0d0 0d0
 S48  ep=2426600.5d0
 7.04334100000000000d0 0.1774990000000000d0 3.002830000000000d0 248.1834500000000d0 32.83498000000000d0 256.3485200000000d0 0d0 0d0 0d0
 S49  ep=2426600.5d0
 7.04334100000000000d0 0.1774990000000000d0 3.002830000000000d0 248.1834500000000d0 32.83498000000000d0 256.4485200000000d0 0d0 0d0 0d0
 S50  ep=2426600.5d0
 7.04334100000000000d0 0.1774990000000000d0 3.002830000000000d0 248.1834500000000d0 32.83498000000000d0 256.5485200000000d0 0d0 0d0 0d0
 S51  ep=2426600.5d0
 7.04334100000000000d0 0.1774990000000000d0 3.002830000000000d0 248.1834500000000d0 32.83498000000000d0 256.6485200000000d0 0d0 0d0 0d0
 S52  ep=2426600.5d0
 7.04334100000000000d0 0.1774990000000000d0 3.002830000000000d0 248.1834500000000d0 32.83498000000000d0 256.7485200000000d0 0d0 0d0 0d0
 S53  ep=2426600.5d0
 7.04334100000000000d0 0.1774990000000000d0 3.002830000000000d0 248.1834500000000d0 32.83498000000000d0 256.8485200000000d0 0d0 0d0 0d0
 S54  ep=2426600.5d0
 7.04334100000000000d0 0.1774990000000000d0 3.002830000000000d0 248.1834500000000d0 32.83498000000000d0 256.9485200000000d0 0d0 0d0 0d0
 S55  ep=2426600.5d0
 7.04334100000000000d0 0.1774990000000000d0 3.002830000000000d0 248.1834500000000d0 32.83498000000000d0 257.0485200000000d0 0d0 0d0 0d0
 S56  ep=2426600.5d0
 7.04334100000000000d0 0.1774990000000000d0 3.002830000000000d0 248.1834500000000d0 32.83498000000000d0 257.1485200000000d0 0d0 0d0 0d0
 S57  ep=2426600.5d0
 7.04334100000000000d0 0.1774990000000000d0 3.002830000000000d0 248.1834500000000d0 32.83498000000000d0 257.2485200000000d0 0d0 0d0 0d0
 S58  ep=2426600.5d0
 7.04334100000000000d0 0.1774990000000000d0 3.002830000000000d0 248.1834500000000d0 32.83498000000000d0 257.3485200000000d0 0d0 0d0 0d0
 S59  ep=2426600.5d0
 7.04334100000000000d0 0.1774990000000000d0 3.002830000000000d0 248.1834500000000d0 32.83498000000000d0 257.4485200000000d0 0d0 0d0 0d0
 S60  ep=2426600.5d0
 7.04334100000000000d0 0.1774990000000000d0 3.002830000000000d0 248.1834500000000d0 32.83498000000000d0 257.5485200000000d0 0d0 0d0 0d0
 S61  ep=2426600.5d0
 7.04334100000000000d0 0.1774990000000000d0 3.002830000000000d0 248.1834500000000d0 32.83498000000000d0 257.6485200000000d0 0d0 0d0 0d0
 S62  ep=2426600.5d0
 7.04334100000000000d0 0.1774990000000000d0 3.002830000000000d0 248.1834500000000d0 32.83498000000000d0 257.7485200000000d0 0d0 0d0 0d0
 S63  ep=2426600.5d0
 7.04334100000000000d0 0.1774990000000000d0 3.002830000000000d0 248.1834500000000d0 32.83498000000000d0 257.8485200000000d0 0d0 0d0 0d0
 S64  ep=2426600.5d0
 7.04334100000000000d0 0.1774990000000000d0 3.002830000000000d0 248.1834500000000d0 32.83498000000000d0 257.9485200000000d0 0d0 0d0 0d0
 S65  ep=2426600.5d0
 7.04334100000000000d0 0.1774990000000000d0 3.002830000000000d0 248.1834500000000d0 32.83498000000000d0 258.0485200000000d0 0d0 0d0 0d0
 S66  ep=2426600.5d0
 7.04334100000000000d0 0.1774990000000000d0 3.002830000000000d0 248.1834500000000d0 32.83498000000000d0 258.1485200000000d0 0d0 0d0 0d0
 S67  ep=2426600.5d0
 7.04334100000000000d0 0.1774990000000000d0 3.002830000000000d0 248.1834500000000d0 32.83498000000000d0 258.2485200000000d0 0d0 0d0 0d0
 S68  ep=2426600.5d0
 7.04334100000000000d0 0.1774990000000000d0 3.002830000000000d0 248.1834500000000d0 32.83498000000000d0 258.3485200000000d0 0d0 0d0 0d0
 S69  ep=2426600.5d0
 7.04334100000000000d0 0.1774990000000000d0 3.002830000000000d0 248.1834500000000d0 32.83498000000000d0 258.4485200000000d0 0d0 0d0 0d0
 S70  ep=2426600.5d0
 7.04334100000000000d0 0.1774990000000000d0 3.002830000000000d0 248.1834500000000d0 32.83498000000000d0 258.5485200000000d0 0d0 0d0 0d0
 S75  ep=2426600.5d0
 7.04334100000000000d0 0.1774990000000000d0 3.002830000000000d0 248.1834500000000d0 32.83498000000000d0 259.0485200000000d0 0d0 0d0 0d0